90 215
740 215
0 0
0 50
0 100
0 150
0 200
0 250
0 300
0 350
0 400
0 450
20 0
20 50
20 100
20 150
20 200
20 250
20 300
20 350
20 400
20 450
40 0
40 50
40 100
40 150
40 200
40 250
40 300
40 350
40 400
40 450
40 0
40 50
40 100
40 150
40 200
40 250
40 300
40 350
40 400
40 450
60 0
60 50
60 100
60 150
60 200
60 250
60 300
60 350
60 400
60 450
830 0
830 50
830 100
830 150
830 200
830 250
830 300
830 350
830 400
830 450
810 0
810 50
810 100
810 150
810 200
810 250
810 300
810 350
810 400
810 450
790 0
790 50
790 100
790 150
790 200
790 250
790 300
790 350
790 400
790 450
770 0
770 50
770 100
770 150
770 200
770 250
770 300
770 350
770 400
770 450